# Intraday State

- Generated at: `2026-07-18T00:26:55+08:00`
- Market time ET: `2026-07-17T12:26:56-04:00`
- Session open: `True`
- Execution limit: `L3_MANUAL_CONFIRM_REQUIRED`
- Rows: `56`

## Data Quality

- total_rows: `56`
- fresh_count: `55`
- stale_count: `1`
- coverage_price: `55`
- coverage_vwap: `55`
- caution_counts: `{'manual_confirm_candidate': 16, 'below_opening_15m_low': 4, 'watch_only': 4, 'spread_too_wide_or_missing': 29, 'price_stale_or_missing': 1, 'below_vwap': 2}`
- current_max_execution_level: `L3_MANUAL_CONFIRM_REQUIRED`
- data_source_note: `ALPACA_IEX_ONLY/proxy data supports research and manual confirmation only.`

## Market Regime

- Codex hint: intraday raw state only; GPT should form the investment committee summary from the tables below.

## Indices

| ticker | chain | price | chg% | vwap | vs_vwap% | 15m_high | 15m_low | spread% | action | risk |
| --- | --- | ---: | ---: | ---: | ---: | ---: | ---: | ---: | --- | --- |
| QQQ | market_regime | 698.42 |  | 693.9663 | 0.6418 | 693.36 | 686.78 | 0.0659 | buy_precheck_manual_confirm | none |
| SOXX | semiconductor_index | 525.95 |  | 515.3256 | 2.0617 | 511.83 | 498.665 | 0.0875 | buy_precheck_manual_confirm | none |
| SMH | semiconductor_index | 560.91 |  | 551.7916 | 1.6525 | 550 | 536.9 | 0.0874 | buy_precheck_manual_confirm | none |
| SPY | market_regime | 745.605 |  | 744.6971 | 0.1219 | 742.66 | 740.8 | 0.004 | buy_precheck_manual_confirm | none |

## Buy Precheck Candidates

| rank | ticker | chain | price | chg% | vwap | vs_vwap% | 15m_high | 15m_low | spread% | action | risk |
| ---: | --- | --- | ---: | ---: | ---: | ---: | ---: | ---: | ---: | --- | --- |
| 1 | NVDA | ai_accelerator | 204.49 |  | 202.6119 | 0.9269 | 203.41 | 197.98 | 0.0147 | buy_precheck_manual_confirm | none |
| 2 | TSM | foundry | 401.46 |  | 396.5346 | 1.2421 | 394.11 | 386.02 | 0.3213 | buy_precheck_manual_confirm | none |
| 3 | SMH | semiconductor_index | 560.91 |  | 551.7916 | 1.6525 | 550 | 536.9 | 0.0874 | buy_precheck_manual_confirm | none |
| 4 | AMAT | semiconductor_equipment | 542.885 |  | 531.3716 | 2.1667 | 535.095 | 513.34 | 0.2155 | buy_precheck_manual_confirm | none |
| 5 | SOXX | semiconductor_index | 525.95 |  | 515.3256 | 2.0617 | 511.83 | 498.665 | 0.0875 | buy_precheck_manual_confirm | none |
| 6 | PWR | data_center_power_cooling | 633.44 |  | 627.2747 | 0.9829 | 616.75 | 609.05 | 0.2652 | buy_precheck_manual_confirm | none |
| 7 | QQQ | market_regime | 698.42 |  | 693.9663 | 0.6418 | 693.36 | 686.78 | 0.0659 | buy_precheck_manual_confirm | none |
| 8 | HPE | ai_server_oem | 45.885 |  | 45.3874 | 1.0964 | 44.92 | 43.715 | 0.0654 | buy_precheck_manual_confirm | none |
| 9 | SPY | market_regime | 745.605 |  | 744.6971 | 0.1219 | 742.66 | 740.8 | 0.004 | buy_precheck_manual_confirm | none |
| 10 | ARM | ai_accelerator | 265.44 |  | 257.2703 | 3.1755 | 252.95 | 243.21 | 0.211 | buy_precheck_manual_confirm | none |
| 11 | STX | memory_hbm_storage | 777.28 |  | 745.1714 | 4.3089 | 724.57 | 702.24 | 0.2058 | buy_precheck_manual_confirm | none |
| 12 | AMZN | cloud_ai_capex | 248.01 |  | 247.8908 | 0.0481 | 247.72 | 243.725 | 0.0242 | buy_precheck_manual_confirm | none |
| 13 | ORCL | cloud_ai_capex | 127.28 |  | 125.3079 | 1.5738 | 125.02 | 121.79 | 0.0471 | buy_precheck_manual_confirm | none |
| 14 | SMCI | ai_server_oem | 24.505 |  | 24.0887 | 1.7282 | 24.3 | 23.46 | 0.0816 | buy_precheck_manual_confirm | none |
| 15 | CORZ | high_beta_ai_infrastructure | 20.71 |  | 20.5148 | 0.9516 | 20.445 | 19.92 | 0.0966 | buy_precheck_manual_confirm | none |
| 16 | TQQQ | leveraged_tool | 68.41 |  | 66.8797 | 2.2881 | 66.9 | 64.92 | 0.0292 | buy_precheck_manual_confirm | none |

## Comfortable Entry Leaderboard

| rank | ticker | chain | price | chg% | vwap | vs_vwap% | 15m_high | 15m_low | spread% | action | risk |
| ---: | --- | --- | ---: | ---: | ---: | ---: | ---: | ---: | ---: | --- | --- |
| 1 | AMZN | cloud_ai_capex | 248.01 |  | 247.8908 | 0.0481 | 247.72 | 243.725 | 0.0242 | buy_precheck_manual_confirm | none |
| 2 | SPY | market_regime | 745.605 |  | 744.6971 | 0.1219 | 742.66 | 740.8 | 0.004 | buy_precheck_manual_confirm | none |
| 3 | QQQ | market_regime | 698.42 |  | 693.9663 | 0.6418 | 693.36 | 686.78 | 0.0659 | buy_precheck_manual_confirm | none |
| 4 | IWM | market_regime | 294.11 |  | 294.0427 | 0.0229 | 294.205 | 291.675 | 0.0102 | watch_only | none |
| 5 | GOOGL | cloud_ai_capex | 346.235 |  | 346.1064 | 0.0372 | 348.47 | 341.42 | 0.1098 | watch_only | none |
| 6 | NVDA | ai_accelerator | 204.49 |  | 202.6119 | 0.9269 | 203.41 | 197.98 | 0.0147 | buy_precheck_manual_confirm | none |
| 7 | APLD | high_beta_ai_infrastructure | 25.05 |  | 24.8911 | 0.6384 | 25.45 | 24.1 | 0.0798 | watch_only | none |
| 8 | CORZ | high_beta_ai_infrastructure | 20.71 |  | 20.5148 | 0.9516 | 20.445 | 19.92 | 0.0966 | buy_precheck_manual_confirm | none |
| 9 | HPE | ai_server_oem | 45.885 |  | 45.3874 | 1.0964 | 44.92 | 43.715 | 0.0654 | buy_precheck_manual_confirm | none |
| 10 | TSM | foundry | 401.46 |  | 396.5346 | 1.2421 | 394.11 | 386.02 | 0.3213 | buy_precheck_manual_confirm | none |
| 11 | PWR | data_center_power_cooling | 633.44 |  | 627.2747 | 0.9829 | 616.75 | 609.05 | 0.2652 | buy_precheck_manual_confirm | none |
| 12 | IREN | high_beta_ai_infrastructure | 33.795 |  | 33.5218 | 0.8149 | 34 | 32.26 | 0.0296 | watch_only | none |
| 13 | JCI | data_center_power_cooling | 141.5 |  | 140.7152 | 0.5577 | 140.765 | 137.165 |  | spread_too_wide_or_missing | spread_too_wide_or_missing,spread_unavailable |
| 14 | AMAT | semiconductor_equipment | 542.885 |  | 531.3716 | 2.1667 | 535.095 | 513.34 | 0.2155 | buy_precheck_manual_confirm | none |
| 15 | SMCI | ai_server_oem | 24.505 |  | 24.0887 | 1.7282 | 24.3 | 23.46 | 0.0816 | buy_precheck_manual_confirm | none |
| 16 | SMH | semiconductor_index | 560.91 |  | 551.7916 | 1.6525 | 550 | 536.9 | 0.0874 | buy_precheck_manual_confirm | none |
| 17 | SOXX | semiconductor_index | 525.95 |  | 515.3256 | 2.0617 | 511.83 | 498.665 | 0.0875 | buy_precheck_manual_confirm | none |
| 18 | TT | data_center_power_cooling | 472.33 |  | 469.3146 | 0.6425 | 469.08 | 460.78 | 3.5907 | spread_too_wide_or_missing | spread_too_wide,spread_too_wide_or_missing |
| 19 | ORCL | cloud_ai_capex | 127.28 |  | 125.3079 | 1.5738 | 125.02 | 121.79 | 0.0471 | buy_precheck_manual_confirm | none |
| 20 | STX | memory_hbm_storage | 777.28 |  | 745.1714 | 4.3089 | 724.57 | 702.24 | 0.2058 | buy_precheck_manual_confirm | none |

## Dynamic Leaderboard

| rank | ticker | chain | price | chg% | vwap | vs_vwap% | 15m_high | 15m_low | spread% | action | risk |
| ---: | --- | --- | ---: | ---: | ---: | ---: | ---: | ---: | ---: | --- | --- |
| 1 | NVDA | ai_accelerator | 204.49 |  | 202.6119 | 0.9269 | 203.41 | 197.98 | 0.0147 | buy_precheck_manual_confirm | none |
| 2 | TSM | foundry | 401.46 |  | 396.5346 | 1.2421 | 394.11 | 386.02 | 0.3213 | buy_precheck_manual_confirm | none |
| 3 | SMH | semiconductor_index | 560.91 |  | 551.7916 | 1.6525 | 550 | 536.9 | 0.0874 | buy_precheck_manual_confirm | none |
| 4 | AMAT | semiconductor_equipment | 542.885 |  | 531.3716 | 2.1667 | 535.095 | 513.34 | 0.2155 | buy_precheck_manual_confirm | none |
| 5 | SOXX | semiconductor_index | 525.95 |  | 515.3256 | 2.0617 | 511.83 | 498.665 | 0.0875 | buy_precheck_manual_confirm | none |
| 6 | PWR | data_center_power_cooling | 633.44 |  | 627.2747 | 0.9829 | 616.75 | 609.05 | 0.2652 | buy_precheck_manual_confirm | none |
| 7 | QQQ | market_regime | 698.42 |  | 693.9663 | 0.6418 | 693.36 | 686.78 | 0.0659 | buy_precheck_manual_confirm | none |
| 8 | HPE | ai_server_oem | 45.885 |  | 45.3874 | 1.0964 | 44.92 | 43.715 | 0.0654 | buy_precheck_manual_confirm | none |
| 9 | SPY | market_regime | 745.605 |  | 744.6971 | 0.1219 | 742.66 | 740.8 | 0.004 | buy_precheck_manual_confirm | none |
| 10 | STX | memory_hbm_storage | 777.28 |  | 745.1714 | 4.3089 | 724.57 | 702.24 | 0.2058 | buy_precheck_manual_confirm | none |
| 11 | ARM | ai_accelerator | 265.44 |  | 257.2703 | 3.1755 | 252.95 | 243.21 | 0.211 | buy_precheck_manual_confirm | none |
| 12 | AMZN | cloud_ai_capex | 248.01 |  | 247.8908 | 0.0481 | 247.72 | 243.725 | 0.0242 | buy_precheck_manual_confirm | none |
| 13 | ORCL | cloud_ai_capex | 127.28 |  | 125.3079 | 1.5738 | 125.02 | 121.79 | 0.0471 | buy_precheck_manual_confirm | none |
| 14 | SMCI | ai_server_oem | 24.505 |  | 24.0887 | 1.7282 | 24.3 | 23.46 | 0.0816 | buy_precheck_manual_confirm | none |
| 15 | CORZ | high_beta_ai_infrastructure | 20.71 |  | 20.5148 | 0.9516 | 20.445 | 19.92 | 0.0966 | buy_precheck_manual_confirm | none |
| 16 | TQQQ | leveraged_tool | 68.41 |  | 66.8797 | 2.2881 | 66.9 | 64.92 | 0.0292 | buy_precheck_manual_confirm | none |
| 17 | ANET | ai_networking_optical | 167.71 |  | 163.843 | 2.3602 | 163.275 | 157.34 |  | spread_too_wide_or_missing | spread_too_wide_or_missing,spread_unavailable |
| 18 | CRWV | gpu_cloud_ai_factory | 71.47 |  | 71.7785 | -0.4298 | 71.24 | 68.65 |  | below_vwap | below_vwap,spread_unavailable |
| 19 | AVGO | custom_silicon_networking | 371.97 |  | 368.3765 | 0.9755 | 368.42 | 357.97 | 0.9409 | spread_too_wide_or_missing | spread_too_wide,spread_too_wide_or_missing |
| 20 | AMD | ai_accelerator | 499.215 |  | 483.1205 | 3.3314 | 482.43 | 461.04 | 0.9996 | spread_too_wide_or_missing | spread_too_wide,spread_too_wide_or_missing |

## Full Watchlist Rows

| ticker | chain | price | chg% | vwap | vs_vwap% | 15m_high | 15m_low | spread% | action | risk |
| --- | --- | ---: | ---: | ---: | ---: | ---: | ---: | ---: | --- | --- |
| QQQ | market_regime | 698.42 |  | 693.9663 | 0.6418 | 693.36 | 686.78 | 0.0659 | buy_precheck_manual_confirm | none |
| TQQQ | leveraged_tool | 68.41 |  | 66.8797 | 2.2881 | 66.9 | 64.92 | 0.0292 | buy_precheck_manual_confirm | none |
| NVDA | ai_accelerator | 204.49 |  | 202.6119 | 0.9269 | 203.41 | 197.98 | 0.0147 | buy_precheck_manual_confirm | none |
| MSFT | cloud_ai_capex | 392.48 |  | 392.9491 | -0.1194 | 398.39 | 393.52 | 0.4408 | below_opening_15m_low | below_opening_15m_low,below_vwap,spread_too_wide |
| AAPL | mega_cap_platform | 331.16 |  | 332.2917 | -0.3406 | 334.98 | 331.295 | 0.157 | below_opening_15m_low | below_opening_15m_low,below_vwap |
| GOOGL | cloud_ai_capex | 346.235 |  | 346.1064 | 0.0372 | 348.47 | 341.42 | 0.1098 | watch_only | none |
| AMD | ai_accelerator | 499.215 |  | 483.1205 | 3.3314 | 482.43 | 461.04 | 0.9996 | spread_too_wide_or_missing | spread_too_wide,spread_too_wide_or_missing |
| TSM | foundry | 401.46 |  | 396.5346 | 1.2421 | 394.11 | 386.02 | 0.3213 | buy_precheck_manual_confirm | none |
| 000660.KS | memory_hbm_storage | 1842000 |  | 1958272.8955 | -5.9375 |  |  |  | price_stale_or_missing | below_vwap,price_stale_or_missing,spread_unavailable,stale_or_missing |
| ^SOX | semiconductor_index |  |  |  |  |  |  |  | below_vwap | below_vwap,spread_unavailable |
| SOXX | semiconductor_index | 525.95 |  | 515.3256 | 2.0617 | 511.83 | 498.665 | 0.0875 | buy_precheck_manual_confirm | none |
| SMH | semiconductor_index | 560.91 |  | 551.7916 | 1.6525 | 550 | 536.9 | 0.0874 | buy_precheck_manual_confirm | none |
| AVGO | custom_silicon_networking | 371.97 |  | 368.3765 | 0.9755 | 368.42 | 357.97 | 0.9409 | spread_too_wide_or_missing | spread_too_wide,spread_too_wide_or_missing |
| MU | memory_hbm_storage | 882.17 |  | 854.8048 | 3.2013 | 835.82 | 804.09 | 0.9488 | spread_too_wide_or_missing | spread_too_wide,spread_too_wide_or_missing |
| MRVL | custom_silicon_networking | 189.36 |  | 185.2239 | 2.233 | 185.03 | 178.09 | 0.8661 | spread_too_wide_or_missing | spread_too_wide,spread_too_wide_or_missing |
| DELL | ai_server_oem | 394.74 |  | 388.4932 | 1.6079 | 384 | 368.28 | 2.5916 | spread_too_wide_or_missing | spread_too_wide,spread_too_wide_or_missing |
| HPE | ai_server_oem | 45.885 |  | 45.3874 | 1.0964 | 44.92 | 43.715 | 0.0654 | buy_precheck_manual_confirm | none |
| SMCI | ai_server_oem | 24.505 |  | 24.0887 | 1.7282 | 24.3 | 23.46 | 0.0816 | buy_precheck_manual_confirm | none |
| SPY | market_regime | 745.605 |  | 744.6971 | 0.1219 | 742.66 | 740.8 | 0.004 | buy_precheck_manual_confirm | none |
| IWM | market_regime | 294.11 |  | 294.0427 | 0.0229 | 294.205 | 291.675 | 0.0102 | watch_only | none |
| ORCL | cloud_ai_capex | 127.28 |  | 125.3079 | 1.5738 | 125.02 | 121.79 | 0.0471 | buy_precheck_manual_confirm | none |
| CRWV | gpu_cloud_ai_factory | 71.47 |  | 71.7785 | -0.4298 | 71.24 | 68.65 |  | below_vwap | below_vwap,spread_unavailable |
| VRT | data_center_power_cooling | 294.49 |  | 283.9246 | 3.7212 | 280.565 | 273.17 |  | spread_too_wide_or_missing | spread_too_wide_or_missing,spread_unavailable |
| ETN | data_center_power_cooling | 402.55 |  | 398.8702 | 0.9226 | 389.4 | 382.38 |  | spread_too_wide_or_missing | spread_too_wide_or_missing,spread_unavailable |
| PWR | data_center_power_cooling | 633.44 |  | 627.2747 | 0.9829 | 616.75 | 609.05 | 0.2652 | buy_precheck_manual_confirm | none |
| GEV | data_center_power_cooling | 1051.43 |  | 1039.6497 | 1.1331 | 1001.82 | 982.21 | 4.1315 | spread_too_wide_or_missing | spread_too_wide,spread_too_wide_or_missing |
| TT | data_center_power_cooling | 472.33 |  | 469.3146 | 0.6425 | 469.08 | 460.78 | 3.5907 | spread_too_wide_or_missing | spread_too_wide,spread_too_wide_or_missing |
| JCI | data_center_power_cooling | 141.5 |  | 140.7152 | 0.5577 | 140.765 | 137.165 |  | spread_too_wide_or_missing | spread_too_wide_or_missing,spread_unavailable |
| ANET | ai_networking_optical | 167.71 |  | 163.843 | 2.3602 | 163.275 | 157.34 |  | spread_too_wide_or_missing | spread_too_wide_or_missing,spread_unavailable |
| COHR | ai_networking_optical | 280.53 |  | 271.69 | 3.2537 | 269.59 | 256.24 | 1.2476 | spread_too_wide_or_missing | spread_too_wide,spread_too_wide_or_missing |
| LITE | ai_networking_optical | 726.45 |  | 705.3687 | 2.9887 | 694.98 | 653.305 | 2.1488 | spread_too_wide_or_missing | spread_too_wide,spread_too_wide_or_missing |
| CIEN | ai_networking_optical | 378.86 |  | 374.7464 | 1.0977 | 375.52 | 359.81 |  | spread_too_wide_or_missing | spread_too_wide_or_missing,spread_unavailable |
| AAOI | ai_networking_optical | 101.785 |  | 98.916 | 2.9004 | 97.585 | 91.92 |  | spread_too_wide_or_missing | spread_too_wide_or_missing,spread_unavailable |
| ALAB | ai_networking_optical | 305.795 |  | 301.8127 | 1.3195 | 305.21 | 289.97 |  | spread_too_wide_or_missing | spread_too_wide_or_missing,spread_unavailable |
| ASML | semiconductor_equipment | 1772.075 |  | 1745.4416 | 1.5259 | 1741.99 | 1704.935 | 1.1399 | spread_too_wide_or_missing | spread_too_wide,spread_too_wide_or_missing |
| AMAT | semiconductor_equipment | 542.885 |  | 531.3716 | 2.1667 | 535.095 | 513.34 | 0.2155 | buy_precheck_manual_confirm | none |
| LRCX | semiconductor_equipment | 317.71 |  | 310.2719 | 2.3973 | 306.51 | 298.89 |  | spread_too_wide_or_missing | spread_too_wide_or_missing,spread_unavailable |
| KLAC | semiconductor_equipment | 214.16 |  | 211.1861 | 1.4082 | 210.82 | 204.71 | 2.1433 | spread_too_wide_or_missing | spread_too_wide,spread_too_wide_or_missing |
| TER | semiconductor_test_packaging | 322.11 |  | 311.5933 | 3.3751 | 308.03 | 297.18 |  | spread_too_wide_or_missing | spread_too_wide_or_missing,spread_unavailable |
| ONTO | semiconductor_test_packaging | 279.95 |  | 270.9224 | 3.3322 | 265.71 | 258.355 |  | spread_too_wide_or_missing | spread_too_wide_or_missing,spread_unavailable |
| AMKR | semiconductor_test_packaging | 62.4 |  | 60.8754 | 2.5045 | 60.51 | 57.99 |  | spread_too_wide_or_missing | spread_too_wide_or_missing,spread_unavailable |
| COHU | semiconductor_test_packaging | 50.64 |  | 49.4495 | 2.4076 | 49.35 | 46.44 |  | spread_too_wide_or_missing | spread_too_wide_or_missing,spread_unavailable |
| ENTG | semiconductor_materials | 137.23 |  | 133.455 | 2.8287 | 129.93 | 126.945 |  | spread_too_wide_or_missing | spread_too_wide_or_missing,spread_unavailable |
| MKSI | semiconductor_materials | 324.06 |  | 316.4238 | 2.4133 | 315.89 | 307.13 |  | spread_too_wide_or_missing | spread_too_wide_or_missing,spread_unavailable |
| LIN | industrial_gases | 516.78 |  | 521.2483 | -0.8572 | 526.74 | 522.205 | 0.0716 | below_opening_15m_low | below_opening_15m_low,below_vwap |
| APD | industrial_gases | 298.2 |  | 300.9806 | -0.9238 | 304.36 | 299.62 |  | below_opening_15m_low | below_opening_15m_low,below_vwap,spread_unavailable |
| APLD | high_beta_ai_infrastructure | 25.05 |  | 24.8911 | 0.6384 | 25.45 | 24.1 | 0.0798 | watch_only | none |
| IREN | high_beta_ai_infrastructure | 33.795 |  | 33.5218 | 0.8149 | 34 | 32.26 | 0.0296 | watch_only | none |
| CORZ | high_beta_ai_infrastructure | 20.71 |  | 20.5148 | 0.9516 | 20.445 | 19.92 | 0.0966 | buy_precheck_manual_confirm | none |
| SNDK | memory_hbm_storage | 1475.56 |  | 1416.9236 | 4.1383 | 1393.96 | 1325.48 | 3.3885 | spread_too_wide_or_missing | spread_too_wide,spread_too_wide_or_missing |
| WDC | memory_hbm_storage | 476.94 |  | 456.2781 | 4.5283 | 453.35 | 431.78 | 0.3648 | spread_too_wide_or_missing | spread_too_wide,spread_too_wide_or_missing |
| STX | memory_hbm_storage | 777.28 |  | 745.1714 | 4.3089 | 724.57 | 702.24 | 0.2058 | buy_precheck_manual_confirm | none |
| AMZN | cloud_ai_capex | 248.01 |  | 247.8908 | 0.0481 | 247.72 | 243.725 | 0.0242 | buy_precheck_manual_confirm | none |
| META | cloud_ai_capex | 642.67 |  | 637.5337 | 0.8057 | 649.07 | 638.97 | 2.278 | spread_too_wide_or_missing | spread_too_wide,spread_too_wide_or_missing |
| ARM | ai_accelerator | 265.44 |  | 257.2703 | 3.1755 | 252.95 | 243.21 | 0.211 | buy_precheck_manual_confirm | none |
| SKHY | memory_hbm_storage | 161.81 |  | 156.8922 | 3.1345 | 151.99 | 145.6 | 4.8699 | spread_too_wide_or_missing | spread_too_wide,spread_too_wide_or_missing |
